3380155237330865358
3553460111502916488
551855805224854380
14495392782489939323
17855381286270053753
11191010838497701928
7374382897759168457
3692461861212560
18175864097741460824
18222608889824875602
10459303294948868510
17464785285873414387
9842665849561173089
15022635760310369045
18433639568120146580
15263592055708379266
6197097304186621391
7971326897143236026
4602054114596678193
7882967222828649179
7222847432100917624
7774551541572631780
14035199809405748490
3929846509047575657
4951178468895032773
10856068061043653176
9835572837269116378
3243274184993595627
1763730129631873514
5720720920982504933
5666638274295300582
12077100788394557754
6626029802943034294
4300124870290752385
5027187968189818603
17472626699736872676
3209190369688387863
4450175772214785508
18133518040457262860
2000299057895587574
14056610335671123131
12750088567475728406
1496015419634159093
9584167689289818838
8196111452661533020
6655944839336319324
4882360041638565726
12114591810379168002
16749197443385433775
18356316399579068416
12603350200068392156
12968403584721564684
4395617104436047146
17423451812266981738
11643592275391971031
12300882890318368121
11202736508423969760
10293232555658446354
7337232810044462414
8653017631674165983
17866788622785812303
10775270926352036829
16654602545111239929
10253890705592901415
14343379971614358171
2856090726842407379
16191585952733325804
1673902289647134887
9035373992390798049
9436767304444848458
14218545267382162274
11084167257552206192
17631369872455410309
17799091959744269684
2727640100818601028
5178503804295720273
10723780427697964457
3424296146586938387
6241329185358354825
5125122647631583957
8633835622756529719
4437783884927142312
10612210547438584722
9517161579388000535
16091390672628858363
8956539744266238855
332287037701594405
14096476604526479930
13129430130471817547
8377921985987092646
2260878529488669049
10501526582689517476
10600586736679249981
11002923300432328262
11422869441009806874
15926503590100794551
11703163897440099660
16362565111606509511
8500445812607491429
15562233014864424774
6765620237583271580
15301389693078994067
11109390390901166575
11342343587832491423
7622977819663080942
14643033311940990391
3900811317331900983
13540069258572160823
1623987564728903238
3580351924905655001
8836413841914650185
1757795069118893775
7636413841629516940
6340608001698985164
13819098078022846613
10310143095195187351
13294257554918312293
1466025179707636990
13055314861983559174
7256195983696149062
18279629797087256659
1122166425350814659
4458301065972090708
4838248442173455731
18275221465527769527
18314761921406163791
11491983671576287853
13982304005747493127
6016382648546609261
1428827274972636406
17767597513331601561
2666640076505763631
13621766601377988032
14660704759311271961
7981888992663461950
14468417954521747011
8371195523537544131
2181990289061072259
2544005376088914047
13502760249874327796
2844887211231442201
17845778279466795385
16670731242061793403
4560866791719487374
8223563371619648683
11478877678355517620
2644048303006450184
8416626868061666013
12144863353975262233
10057215076284682555
8539054591190085320
14952216579105523810
16028788591334649541
14273228077718110084
16066949631677858947
2392275895982157714
1082228905147238759
8019682635800569175
2891515736023914398
7237519005658783039
7845632766089961328
10746323129363813847
77207203369322942
6641267524576929624
5203177388531891805
13871010485033174255
14686534292183394942
3779454630162848483
11609893131287562952
7981010491039017648
13937420505594183070
176527550353537863
3321156748590744142
7553873930640001923
18446139569672102365
10196791622534941170
497569625250232735
17041638807479186055
2640056257249608231
1222649251331752790
16986371580431526941
3613176188740755423
9901980342604485629
14347146531560793251
15458652645918259401
3737948164581400975
311483986791246583
5823951690957971321
8938101389721529533
12744056790324430293
2612174163420539882
15936151658416698804
1606682825610587364
6345594588311561350
3554153437749852605
11621572749706219503
4466542651119679832
6928915194309437549
16108762345160459154
12823717935436558834
17625821331921302914
10287536588759604830
10957280894125640996
3819308597530944288
12056023508894936005
6716791399624640373
6951796070247619018
3707108954863305124
410129154926663431
1188614247730885696
15256674812962864669
604481412223020361
13730427417553200232
16272299193791044747
6445884678949224693
6367253424451573604
5763321180730902267
479690854223977335
14246371904751048919
6867365983339007003
2627530793285721213
4520123568020724680
17517574138961044836
9542882175365195367
13138073005130011432
10212688699062383673
7185931412096591176
14062544078838337955
12363139852559372137
6416779201471906655
17944302260261254790
11115747904225427554
675405253411536499
13536014567237275481
6844971626975131819
15000713195941663953
11280639070806293539
6999751129830581367
6284646949412654460
4655815845481997275
12121573730394037295
245956318884418706
7244219214856987609
18044283319785599836
5707182275371449764
11996580184730570070
11683802732058641366
12776760145598375813
6799210956323938498
6283070613378032060
4240183651391552214
17332869789946993263
14600262500968826334
4981070285573299464
1540495208301409623
1260300280075462506
5663465321679344976
14431647717299274977
5692857403986135193
17118825008819472940
14519511802369138101
11024223812335089164
4186496248462721288
12941409816070113793
2197575216884487048
17075523234945091147
9465937422958318320
11590139106762574168
11385428916263959653
9893393597204496613
4284311799873831873
17199823457191110508
1488880751930225119
13833724075190178415
7931640604467604059
16669408398102065989
11588744011865115610
7047671643027645383
4774982695971757385
15014273246440459402
9477972340946333656
6590614116445540566
12183399006962756181
12940262449209167258
3043783865889954808
14070359031237438509
14554953241690753504
1008383388051610672
8832429451432084087
5440969035853930424
17625230420115801039
5656389446017201110
881402153333951352
3348663208418501525
1192939532244717682
9668617785384792043
9754888449933686311
6186490136271103159
5786269046339918088
16975918348031119490
18166367196448639271
3656250371335267663
9362826644001441161
15943582428626986989
13902002946746218463
13513404334526782101
3981138178355718534
2271040962779581861
4470122603154264988
16158704341585235812
14697039265981471916
15263621093510444699
1525568446691362078
7988237458724318070
9060824164584766605
3736442512305849124
5937292346475992828
8981563103041880267
4725217049608078639
250582628791692525
6686139136831139641
12550454261050559023
1190342500684152417
4698326087198075744
10930978635398741897
1128561004952788922
14321898160257278487
406866099037500079
13878230957495419026
9560486935550280361
11680333769985256692
1962143287533708747
6793800337224499776
15501956007605831137
16098471625534878458
11419607316659114065
2724346943198386361
3339384394360172565
15705485005144864189
11481598153385284309
13719440191753534685
6103883682249194677
448597193496759840
11461392935206838826
7377609025121835635
13065520712341281296
3366753763819093988
11415931771068263752
387375522034539832
7603981154883438889
13617218697360074395
11984998432650016309
2533312493269859869
12542108935396240641
16247583479913474637
14209916395173574476
3171223249655928899
12437881900337575562
6747194261855576246
3034303018969142441
17452100565617549534
17862742700559639670
7563768159200829385
10161593823047038545
4706169593243027292
16813707015309393329
13426465321232579601
15197497655073256859
11948413680078478031
4965973327421597898
5249040768653273935
420127444987066794
3865723800255545598
5068148090167284777
262404546953596951
2045258757143318589
4892317848928323452
15249156148822942106
6479026796362515813
7177368162422714427
9238659907622587708
2468393131621944783
12966185114635159611
16958071059425335559
3943950199282766773
5321683202346631219
13273744277927944513
15519493907302986186
18085754070895286984
11127235502484964406
8062119846920947013
17882485294105542063
12249245431995065768
6173836953071365139
13409318541959803986
2149809228837911372
15242731060014688511
3089130427845104016
7357005640518572834
297581327878334265
604457674768050044
13130562662568003474
9299334386290975496
10749345187033963595
14937394033640636
7988548193762652155
4040586957442446363
1425483914258764698
4658925294862501981
6550297961317919020
3494584121915295325
9570052607009869730
11550280451435955672
11827259500357566795
13190487415083069247
9880999201564191326
1504964087917203727
10313734710992023083
10728588328265661753
9100974727403121545
8101841614477061439
3231433653224089674
3327679029230471670
1215114072292052465
185469065651492740
12774480880712511555
2300779847614475540
13174123293439207868
9142489386563432844
4692196221870947798
255016643854846683
358380248336381193
8869902903087680032
1001041164937082711
15511650445049841085
12386340853980954868
17952563789308084516
12744599734636649450
4601282590467020357
16395203953136689516
17436859992002017422
6597786834190594909
3209109120041242073
13288901274259443706
11953579994033249585
2231154112482248917
13517213204595275041
5294781926324888656
4968020407578205818
3406771431852334769
10121927889072542253
9850783911682231385
2876601149907991924
3962241952627021511
10574821278394466238
14312609750982581638
2918099788089735077
17965306038226150189
13163648446777900115
5377299001695251719
9141222367932975035
1743873403159958266
8295538587831632960
18337280862612210952
9926587324397679311
264612982554400587
16634449003271253356
8125035844719878760
5149142062288679667
8760832780961399005
16362031259818467880
18370318944379083559
15563252744271087901
995718971516066368
1513930349603323412
1381405370041319667
6101263131481815574
4104609644808012477
5039871049029712278
2423903899419097381
17632511991631012432
8973451724419089779
3255058888691901645
16551055893251208436
9320632185637924999
7508313069581566657
10147623207318999343
11728175408334078670
10357145814359645850
9776035776160287466
14162947896362596887
13998079917314465392
1543022160876569100
4493602440231491050
11315053375690716974
14648226099265382548
1328492287592070566
18059864085528152123
32485582095573378
1554879100512674428
10123676096943190791
16369565813784577442
17112499552810057539
11453542575490118135
19490697439097781
12385169344670282579
8375280967090961664
5272919273910683615
10024158787554548490
6401986975135451211
588444644675938285
6977937942187081258
7185632109046414795
8759631404515129116
11245321406154520794
11055139035691213279
12344848245160275234
14809691305994125216
16259766395907405967
12074775761831974113
329856336019756005
14502053237812609611
13070920156732982128
11024601546368744193
10338566985572606734
6790715327937707968
17956221914634081799
10724501064225867985
10731073955122431026
984590913798055188
6650483711681722808
11291134366386852012
13507013229191503627
3242771504200015051
5490380232908643671
2790707521470744741
18061635594970634009
15333725333653501411
16196676307045895995
10735310241751946647
14696862716609285040
16430445455955115236
15502429807705152412
2352063997245869968
5841888345881792746
3733119470567695503
16231268829274321217
13139950297638870915
1745502099053391032
10861682904552462979
6370746259015825115
7966402968689500727
